acfd53e1393633ae24f8c946d79a17d4 3 2 2 2 3
19c6d69f9f5acc1a43d6ac498085e69f 2 2 2 2 2
1695fbad7101e34d4cb4686a6770231f 4 1 2 2 2
6f2bebc01062eb8334dccba3e048fdb5 3 1 3 2 3
ab10a89d4fa299fe348a3ee1d183b3ee 3 1 3 2 2
845bd196f34b0eef0246f94eb25ba8c3 2 3 1 2 3
127d3a99f86b3ee848fd0449bec048fc 2 1 2 3 3
a40e2ef8193f5273a04cc7bbaae0789c 3 2 3 3 4
f680792c707fafceecafa42020292e9a 3 1 2 2 3
2ea1efd66ffc011621a4a74e06005e23 3 1 2 3 3
c19a4fb5e846fb6575b0a8f3a2081ea0 2 3 1 3 2
e0576e496b3bc5bd1046315ddb72646a 2 1 2 2 2
eac7f51d95da0fefde6ecc692dcf85cc 1 2 3 2 3
6b87839f53a878460fca47c778ec9e3a 2 1 3 3 3
f725d0ec71a511886168c30cef6468d9 2 1 3 2 3
da22dab36bb12fcf9ed1a437de278a2c 2 1 3 3 3
ed1dbabbe3ea7fd3f44efc6f6a96db68 2 1 3 3 3
740aa055e9dccaee874ab7ec7e499d8e 1 3 1 3 2
4f48c6c8051e144c717ce143e8d77782 1 2 3 2 3
1d6d222bd3fb4c0af35466042cb82d78 1 1 3 2 2
4b8c9b247d45495cdb1ebf755fcec1f6 3 2 3 3 3
3d7847b1c33b5f5811208b4aa1a7ffbd 2 2 2 1 3
dba5f5266d03dd6d4db084ad7dbc683c 1 1 2 2 3
331a1fdb9c8304206db1b7c4c6852363 1 2 2 2 3
504862f12f8c000ae4358a10d657e8f5 3 1 3 3 3
37195f370c3fd7486ccedb1519b026c2 3 1 3 2 3
b9a3df4af9a274fb33ce377fbdce9c16 3 1 3 3 3
666c166767bb6645ee3dde9804faa6a9 3 1 3 2 3
a6336ec5e11839ae33aee01fa2163652 1 3 2 3 3
deb899e426c1a5c66c24eeb0d7df6257 1 1 3 2 3
8cc4acc3bb9b04d1c4a4b4d35ca514ee 2 2 3 2 2
ea890531d3e0547166efde52d843099e 3 3 3 2 4
82d3a5e0936ddbff93f6630365f80af5 2 2 2 3 2
6c651f6e7d9104dac0ab60549f89fbb7 1 2 3 2 3
f2026b8cb48aff9af31577ecbfda5c38 2 2 3 2 3
45a8b713a08f44ad954463e0aa979235 2 2 3 3 2
200255966ca6e2636535b5b93ac04497 2 1 3 3 2
530e195e467f673de0917893fbf9299a 1 2 3 3 3
933791b8623dadbb82664c60db91fb7e 3 1 2 3 3
4a6ef0fc11285732bde96e8863dcb7f4 3 2 3 2 3
c8a62ce2aa837024b698e3eb72aa3c42 2 1 3 3 3
a755cc2250ae57df9f1f4b5bf005e048 2 1 3 3 3
efd5faf19d608aed64447940801cbc30 3 1 2 2 3
2d14a09b41a0d12b9e60377a0a8e14a8 1 2 2 1 3
301e1788a595203d0daf3fed10afe1c9 2 2 3 2 3
a28eb911aad029162befe9e541d9fb86 2 1 3 3 3
225c97c90103cc04cda7d10845f2733e 2 1 3 3 2
5489ed38556af050d6a93e5d27b95dfb 3 2 2 2 3
318bf822d4f2bd3920367560218619c0 3 3 2 3 3
a7637e86876374b952f4d10d0513c350 3 1 3 2 4
22d1f7b24168528163c515b1c96a879c 2 1 3 3 2
f65fd0385c972159743d21700c9a7887 1 2 2 2 3
2badb47503a98766c89e266d1130969a 2 1 2 3 3
d39c2b0fb2e50e37795fdbe3b8cd3792 3 1 4 3 3
b9a44bb356832160caccc9eb3614e0ce 2 2 2 1 3
03e6c4eca4269c183fa0e1780f73faba 2 2 3 3 3
8e228453cfa66cf26d56af6df77624b7 3 1 3 4 2
2609216746274fd785c35801fb53e9d8 3 2 1 4 3
906314c683222f7d232b5ea1ee82befc 2 2 2 2 3
83b6e605652dbf6915856eea1ce419bd 2 1 2 3 2
e465fadd8b30e8669f397e32e10f6cd0 3 1 2 2 3
43e9b5847ad2e94f53bcc9d826093a76 2 1 3 3 3
00419a4c96b32cd63b2c7196da761274 1 3 2 3 2
5299b573a6caaf4aebfb3cf6bc8acfd8 3 1 2 3 3
9e7ebc8082b0e7e92e7aedd3ba562d84 3 1 3 3 3
1187ed8a8b100eb49b8684ac30d6da29 3 3 1 3 2
715c9eb832dc833a0b6409ddccd268b1 2 1 1 3 3
e0697da7478e23479ef6723021e52606 1 2 2 2 3
502db2fcfe26705ae16a46c5cb2ad2e5 2 2 3 2 3
181962441153a36333f0c60701823412 2 2 2 2 3
85a78b7179d46b27e3f4f3a1468e2a1c 2 1 3 2 3
aff70c2dcbd47c664777eb8df02967de 2 2 3 3 3
c87247ddb57f8d8ff43086ac88e69120 3 2 3 2 3
330abbccd3c0ad0fdb0cbe815599bd4f 2 2 3 2 3
bbe1ab61508fad201213fbe8090c5a75 3 2 2 2 3
3b474abc02985674f2b64e46a939bb3d 2 1 3 2 3
8a302f01e209fc15fa8425f2d41f633a 2 1 3 2 3
4d035bd3fd8d9595d15cea9e388964be 2 2 2 2 3
9b73d5a07c079cce614932e39e2f1852 2 2 2 2 3
0724fe854bd455061ba84efecdeff469 2 2 2 2 3
810c70fdd8c82cb4e0afc1e8cc62759a 2 1 2 2 3
325e62f4e7e4f64a03fcf831a8d80bf1 3 1 3 2 3
6810431fc51108130be92d505ea4944b 1 3 3 3 3
96487b200f227f3f845bb8851dad2139 1 3 2 2 3
567632b6b7ae8ce7297affcd7ff42c95 3 3 3 1 1
3cc2cbf4c8c9c9f05590a092a9e9cacb 2 3 3 3 3
770b44cbe67c3e68372f529acd82a3ab 1 2 2 2 2
b98b995372448f015357638c8eb6add1 2 1 3 3 3
cf5a3f66c42918587a1428a6f7d7eec9 2 3 3 1 3
02c37028a782cfda660c7243e45244bb 1 3 1 1 3
e4a9de8d77c21c3f704fdb0055cdde43 2 2 3 3 3
a63a43d8a197935264abe0d57d930712 2 1 2 3 3
8b77d971b63c574b499cf120fca34bfd 3 2 2 3 3
a764ca41dca158d7a191505dcc8ce47f 2 2 3 3 2
57c2d8496ceb8e92022bcac20cca27e1 2 1 3 3 3
a8295e7c5a427770f9777a825e6daf35 2 1 3 2 3
eaf7165a60baa108b9db9508eb4d3cc8 2 1 3 3 2
d38a81dfbfbbd5f2a2a0a03e9db304c6 1 2 2 2 2
4e5bc97d95f3aca05d420bfd4e3a2639 3 1 2 1 3
711d198ce5dcc873c3b1fd1468e84d2f 1 1 3 3 2
0bfa3d952ffed50f25011b128e73a820 2 1 2 2 3
8d7faa6d7f104a6cb7c4a9e1c6310a15 2 2 3 2 3
692758eda219c4fdb6aa64e929be3ff0 2 2 3 2 3
789ce9b31990354f0a5a507347844dea 2 3 2 2 3
374035e42f4b691c2b9c7b915ef1aeae 2 2 2 3 3
d2ee2871aa02698e66fdc72b2218cdd8 2 2 2 3 3
ac8bf16a381d07c01b11651994ecb746 2 2 2 2 3
c59d2b7cca46cd85c4ac6d6ab554f170 3 1 2 3 3
a1c187cbf8532b649cc3b36c01a3ca20 2 1 3 2 3
fc1c9fb6c64740edcbbf8cfe9dde8b02 2 1 3 2 3
1bd281623fa6ad208caa394dcad75c7d 1 2 2 1 2
8bfbf6d9c91e07247d0ff83bbcacee68 3 1 3 1 3
a4fb2531183a186f2b5362ab89d885a2 1 2 3 2 2
521896b01c1a506dc4404e600fa99c5b 2 2 2 1 3
c6ee79de33e47a3799c1d00e5f727b9e 2 2 2 2 2
a286b7286b1247d4a7851709e9f31e1e 3 2 2 2 3
b4de950df13c0765018013237c6a1b3d 3 1 4 3 2
5880081cd3de1619cd431a75d9052dfc 2 1 2 3 3
c5898ecc4c7407e6f07cc3485073d3a6 2 1 3 2 3
94c07315276329eaf9beb29b759d4442 2 1 2 2 3
6c1d913a21f2f3febbd15ee6044a4ac1 2 2 2 2 3
d7e500ad854a1b6ced39e53a525b8a6d 2 3 2 1 3
c723c2f329649b2af235fdefd1ca293c 2 2 2 3 2
fbe5aa478508d1dc931427ade5d9e1b4 2 2 1 3 3
450c787001b004af69428e267c7a4ca1 1 2 3 2 3
65266a09dc3d274bed54447cf4565392 2 2 2 2 3
ab38affacd75668b8eaf1df27e8b5be8 2 3 3 2 3
c255a1cb2939ce6b4719a8a0cc085624 3 2 2 3 3
7f3bfec0b7228d0900b01fbc8ce9d59f 1 2 2 2 1
06b055f8e2bca96496514891057913c3 2 1 2 3 2
f52fecbb0d9b299c889087accdf4cc50 3 1 3 3 3
7d41c244db4ee816029991d903cc7ce1 1 2 2 2 3
f6cb2eff458f065858363e86515beaab 1 2 2 3 2
7938e0ab2768b67f6375eabcfefff5e1 2 2 3 2 3
0ea88660e23db79e2a3c897a5490d0df 3 1 2 3 2
5532642937eb3497a43e15dbb23a9d2d 1 3 2 2 3
4cac659f923d6f3b4605f38477a04458 2 2 2 2 3
d3582916ef22700cebb70f5cdedc1da9 2 1 2 2 3
ce1a957dabf068478d322a56c0dfaf41 3 1 3 3 3
341d74a026925b6a0bde7b58c519c414 2 2 1 3 2
c85845b82e705a32f674757d8912df23 1 2 3 3 2
dba59aed04c6759a955a37f021e45bb7 1 2 1 2 2
540159466df2f050426692ddaac1eab4 2 1 3 3 3
ba1463b4d7bcf9c3167df26e0eb1dc57 2 2 3 2 3
0737e4e4980f56c9fb1cb5743001c917 2 1 3 1 3
cce9e48f159ae910f38fb00810be2a68 1 3 2 1 2
da56abb46f342d8e4b4bc96165cd645d 2 1 3 2 3
c5d9ffcb242053b0abdebe0d684fea3a 2 1 2 3 2
72265a88c1d9956ea6c7b49aa6e54220 3 1 3 2 3
7226dfa2f0bde9e94bac3c83a3b1ab7a 2 1 2 3 3
7e0954e34b5af347696eb260230bccda 2 1 3 2 3
527ed53d2ba3a3bc417b8402d5b2f556 2 2 2 2 3
69adae32cb076bf219e0d856ef233008 2 2 3 2 3
35efb99775d5ee7e83cf7912591984d5 1 3 2 1 3
f83aa7290cf3ae8ed75d6aee5ebbb559 2 1 3 2 2
eb3eeec6966504b2c01b77f986f24523 2 2 2 2 2
8de8bd927b7382cb4fa28b96d9c1d539 2 1 2 2 3
d7f1da35557607089ee2e3a707ce4a4a 3 2 2 2 3
da8787edc39ba38d6bc9f0d10e28aa0f 2 1 3 2 3
2a7471dcf8d1e9b91c89eb91fc2a140d 2 2 3 3 2
d298a6d98000dc07bbb7994f71d867d3 3 1 3 1 3
526ac2635cb3f5e0ee5d7424e83e9107 1 2 2 3 3
e2cc76f16ed40953e5c082ff5ef9a2e9 1 1 2 3 3
e915a655a1bd63ef17cb61c7caa1e1f5 3 1 3 3 3
709606429cd1b0d5cefaf63cdeaaa86b 2 1 3 3 3
baa58f6b30d937855af7bd7c22f0756b 2 2 3 2 3
ecbddbfe00e0f83cfdb802a7186061c7 3 1 2 2 3
b576dc0449e75306c30456902ce0c80b 3 2 3 3 3
69d136c8d8dc113c3aee4835e941798d 2 2 1 1 2
ea28a927cb6663480ea33ca917c3c8ba 3 2 3 3 3
e6cdef6f475cce3023c5b715f8c9f110 1 2 2 2 3
8736d2c84c639dc57ef984602d8d96aa 2 1 2 2 2
d8b283c6d460cdc5cb95d65e1c0a71d4 2 2 3 2 2
448084546d4ae45e47c3a83f338ade56 2 2 3 3 3
b7b7764cfa1c523e4e93ab2a79a946c4 2 2 2 2 3
eb7f8081aa0bd4004f513d3299db9063 2 2 2 2 2
1ece40ac9b657dea8c22a1fe58d3a6fe 2 1 3 2 3
cd99c28741e42fd9792616d3a4328f17 3 2 2 2 2
849cd35a3dfc7200b683b67d0167598f 1 2 2 1 2
12006962a8659cc890a5a66913494704 2 2 3 2 3
28038d4b1e4bcfc3b91960f095eccca4 3 1 3 3 3
beeb68b947eaec4a55a9d8d20a7c5b52 3 1 3 2 3
9f320ade181aa12bf10361871afa8d90 1 2 1 3 2
a1a428d8cf752b3f0527c106b741a9ad 3 1 3 2 2
259f8f9cce95b214dc9924af48bcd6f0 2 2 3 2 3
970197105b41eac939d4fc3cec25137b 3 1 3 2 2
b8295738a9b021d82860887c3be41164 3 2 2 3 4
603f11575493fd2df5d15faa9c96cec8 1 2 2 2 2
ed17c3b13b9e01ed3d464149e796bcf8 3 2 2 3 3
b05f34be807a91ce0325cda601bc5856 2 2 2 2 3
11fc0a8b587b93bb9bfe957f62729d7e 3 1 3 4 3
3b6a414b280222a29d0a95c473cf6b61 1 1 3 3 3
db39f7b2aad360b1033ec1f8fcd57f9c 3 2 2 2 3
cef8086fc8220dde9874948728787a2c 2 1 3 2 2
cde9ad52e50a6a9740dcb3461deb8a0b 3 2 2 3 3
1c10cc0852579d2fa000e3fc3327bb98 2 2 1 1 2
172400f46880b309ca5e97d322bb8f01 2 2 2 2 3
370a8295df2f8b9069e75422c37d2639 3 1 2 2 3
e7b7f5af7d02ec06b3da2edf2053dfed 2 2 1 3 3
7b061056ba902bf5a3f0f123fb181ad3 2 1 2 2 3
c597771fab7477c2ae7b507d532130b0 1 1 3 3 3
d453b26dfd348fdb99e909df7d8bec39 3 2 3 2 2
8974aab97d9fc4e3a53ba126b5eedd81 2 2 2 2 3
6d532e15130603bca8c7e08c8c7e1411 2 2 2 3 3
5c73047a8292131a9aa261cfa07932fd 2 1 3 2 3
ddaed24e83f0f9958336b52cf7a89373 3 2 2 3 3
f80644859abfbc92e9a92072c2dc50fa 1 2 3 3 3
ad30ce6078fd6ea54abca85610fba76f 1 2 2 2 3
436e99cf44a590f9fa63638544619ce1 3 2 3 4 3
0e09a1e89675e72bc2c3f2fac504fced 2 2 2 3 3
80a570b74f23f56c94f639436ff92353 3 1 2 2 3
dbdfbfda2a4205bd59b22758ceddd5af 3 1 2 3 3
c6a9a43058c8cc8398ca6e97324c0fae 2 2 3 2 3
b4a21c82de4011033c8ac67081ff939c 3 1 2 3 2
b84d2613c4cf4e73f9c230f57facf66c 2 2 2 2 3
690d0ead7039eccdcaeb4d9f77b168b5 2 3 2 2 3
969c2ff79da16a5ac43dda095e6d653e 2 2 3 4 1
b2be41464b53ffc6deae9536ddfd3aee 3 2 3 2 4
ce9e978af8369a85f4fc15137013015b 2 1 2 2 3
4bbb1f5843d9d6e8966dce58179f01de 2 2 3 2 3
45ab97edbe4e93bc1017bcd28483a678 3 1 3 2 3
a7d9818f6165cd5c84b8578185ccd616 1 1 3 3 3
fe22087986fdcc65939c793fe0ec90a9 2 2 2 2 2
e4a512374eee079d2b8acc2ce69990d5 4 2 3 2 3
1886cffe45f0ee0240eda42e44a01e07 3 1 2 2 2
83aeafc166238ebf5aaa2530e6205341 1 2 2 3 3
03133a828cd0cf52e3752813ce5d818f 3 2 2 3 2
33e1c2ac25051eda8cc69d1379f584eb 3 1 3 3 3
60751629cdaa2f62ebc9a33209fcca8e 3 1 2 2 3
13eda4b130aec87b280692cd68e3cabd 3 1 3 3 3
3fe44fab3eb561ae418a22182ec75fad 3 3 2 1 3
f7456ac4e6b20911c40fdad18908a8d2 3 1 3 3 3
751e53fc64b770f7b5ea2b0964678599 1 3 3 2 3
aec40862b2a12be50b4d04347985b54d 3 3 2 2 3
d67916bbf6453cfebbd8689f7556e526 2 1 3 3 3
0abd57182992dd9167b88b198350afe4 3 1 2 3 3
e557fd2902b857797cb8cec471f201a5 2 1 2 2 3
785d03537a119e9decd7de253c74c306 2 1 2 3 2
9a8cf1dcb2de1a8f70c4745a636bbb96 3 2 3 4 3
bf749347531c855f7bed0bd259b81557 2 2 3 4 2
c3f4b3e345cb6b032db2e0459d179db3 1 3 3 2 3
d177a27cdcf11df2e6e09de9620e9c5e 2 1 3 2 3
6980ce18350d98916f56c95b4dc4496d 2 2 2 2 3
fffafe151f07a30a0ede2038a897b680 2 1 2 2 3
138ac63ec2b55b8f48fd19c300720cae 1 2 2 2 3
ed9073376c5004080ba59ac69f2a1cc3 2 2 2 3 3
142635bd7f9ed8e4d8c292fa6ccd9aa4 1 2 2 2 3
8f9d4ed5d16ed1a67d734196d29d1f6b 3 1 3 2 3
f6e7722b811d00a7a40de2ecfab636e6 2 1 3 2 3
2382eeba332f59ff29cf63a839a33f9a 1 3 2 2 3
